199 72 1 1 1 1
win
76 1 1 1 1 1
win
344 6 5 1 1 1
win
5106 361 1 1 1 1
win
905 2 1 1 1 1
win
2302 17 5 4 3 1 
win
47 8 3 2 1 1
win
483 35 17 1 1 1
win
2703 13 6 3 2 1 
win
870 117 6 1 1 1 
win
478 11 5 4 3 1
win
1843 30 5 1 1 1 
win
642 109 12 4 2 1 
lose
4535 43 7 4 1 1 
win
2142 22 6 5 3 2 
lose
1426 26 6 2 1 1 
win
618 18 4 3 1 1 
win
18 8 1 1 1 1 
win
90 46 4 3 2 1
win
4022 31 5 1 1 1 
win
4093 542 29 4 2 1 
win
1575 51 12 2 1 1 
win
240 1 1 1 1 1 
win
2 1 1 1 1 1 
win
44 19 4 1 1 1 
win
537 31 9 6 5 0 
lose
885 9 1 1 1 1 
win
41 4 1 1 1 1 
win
1044 157 6 1 1 1 
win
136 9 1 1 1 1 
win
1849 132 54 7 1 1 
win
653 9 1 1 1 1 
win
593 57 4 3 2 0 
lose
505 14 4 1 1 1 
win
2759 24 3 1 1 1 
win
